255 255 255 255 255 255 255 255 255 255 255 255 255 255 255 255
255 255 255 255 248 249 247 248 255 255 255 248 255 255 255 255
255 255 124 146  24  56  86 194 255 255 112  24 146 124 255 255
255 255 146 165  24 136  71 143  16   0 174  24 165 146 255 255
255 248  24  24  46 255 120 219 199 122 255  46  24  24 248 255
255 255 112 136 255 255 120  56   9  30 100  75 255 255 255 255
255 251 217 120 109   0  56 140 154 127 161 146 151 120 251 255
255 254 244 151 219  87 135 187  40 215   9   4 239   0 247 255
255 254  90 112 219  87 135 187 221 215 224 219 151 154 247 255
255 255  72 151 109 106 120 101   0 135 199 231  81  38 251 255
255 255 112 174 255 255  26  56  56  56  56 236 141  56 253 255
255 248  24  24  46  75 242 219 219  24  75  46 104 166 247 255
255 255 146 165  24  56  55  24 112 184 255 255 104 255 255 255
255 255 124 146  24 199 157 165 226 255 215 238 151 104 253 255
255 255 255 255 248 249 255 248 255 255 255 255 252 253 255 255
255 255 255 255 255 255 255 255 255 255 255 255 255 255 255 255
255 255 255 255 255 255 255 255 255 255 255 255 255 255 255 255
255 255 255 255 248 249 247 248 255 255 255 248 255 255 255 255
255 255 124 146  24  56  86 194 255 255 112  24 146 124 255 255
255 255 146 165  24 136  71 143  16   0 174  24 165 146 255 255
255 248  24  24  46 255 120 219 199 122 255  46  24  24 248 255
255 255 112 136 255 255 120  56   9  30 100  75 255 255 255 255
255 251 217 120 109   0  56 140 154 127 161 146 151 120 251 255
255 254 244 151 219  87 135 187  40 215   9   4 239   0 247 255
255 254  90 112 219  87 135 187 221 215 224 219 151 154 247 255
255 255  72 151 109 106 120 101   0 135 199 231  81  38 251 255
255 255 112 174 255 255  26  56  56  56  56 236 141  56 253 255
255 248  24  24  46  75 242 219 219  24  75  46 104 166 247 255
255 255 146 165  24  56  55  24 112 184 255 255 104 255 255 255
255 255 124 146  24 199 157 165 226 255 215 238 151 104 253 255
255 255 255 255 248 249 255 248 255 255 255 255 252 253 255 255
255 255 255 255 255 255 255 255 255 255 255 255 255 255 255 255
255 255 255 255 255 255 255 255 255 255 255 255 255 255 255 255
255 255 255 255 248 249 247 248 255 255 255 248 255 255 255 255
255 255 124 146  24  56  86 194 255 255 112  24 146 124 255 255
255 255 146 165  24 136  71 143  16   0 174  24 165 146 255 255
255 248  24  24  46 255 120 219 199 122 255  46  24  24 248 255
255 255 112 136 255 255 120  56   9  30 100  75 255 255 255 255
255 251 217 120 109   0  56 140 154 127 161 146 151 120 251 255
255 254 244 151 219  87 135 187  40 215   9   4 239   0 247 255
255 254  90 112 219  87 135 187 221 215 224 219 151 154 247 255
255 255  72 151 109 106 120 101   0 135 199 231  81  38 251 255
255 255 112 174 255 255  26  56  56  56  56 236 141  56 253 255
255 248  24  24  46  75 242 219 219  24  75  46 104 166 247 255
255 255 146 165  24  56  55  24 112 184 255 255 104 255 255 255
255 255 124 146  24 199 157 165 226 255 215 238 151 104 253 255
255 255 255 255 248 249 255 248 255 255 255 255 252 253 255 255
255 255 255 255 255 255 255 255 255 255 255 255 255 255 255 255

255 255 255 255 255 255 255 255 255 255 255 255 255 255 255 255
255 255 255 255 248 255 251 247 247 251 253 247 255 253 255 255
255 255 124 146  24 255 120   0 154  38  56 166 255 104 253 255
255 255 146 165  24 255 151 239 151  81 141 104 104 151 252 255
255 248  24  24  46  75 146   4 219 231 236  46 255 238 255 255
255 255 112 174 255 100 161   9 224 199  56  75 255 215 255 255
255 255 255   0 122  30 127 215 215 135  56  24 184 255 255 255
255 255 255  16 199   9 154  40 221   0  56 219 112 226 255 255
255 248 194 143 219  56 140 187 187 101  56 219  24 165 248 255
255 247  86  71 120 120  56 135 135 120  26 242  55 157 255 255
255 249  56 136 255 255   0  87  87 106 255  75  56 199 249 255
255 248  24  24  46 255 109 219 219 109 255  46  24  24 248 255
255 255 146 165  24 136 120 151 112 151 174  24 165 146 255 255
255 255 124 146  24 112 217 244  90  72 112  24 146 124 255 255
255 255 255 255 248 255 251 254 254 255 255 248 255 255 255 255
255 255 255 255 255 255 255 255 255 255 255 255 255 255 255 255
255 255 255 255 255 255 255 255 255 255 255 255 255 255 255 255
255 255 255 255 248 255 251 247 247 251 253 247 255 253 255 255
255 255 124 146  24 255 120   0 154  38  56 166 255 104 253 255
255 255 146 165  24 255 151 239 151  81 141 104 104 151 252 255
255 248  24  24  46  75 146   4 219 231 236  46 255 238 255 255
255 255 112 174 255 100 161   9 224 199  56  75 255 215 255 255
255 255 255   0 122  30 127 215 215 135  56  24 184 255 255 255
255 255 255  16 199   9 154  40 221   0  56 219 112 226 255 255
255 248 194 143 219  56 140 187 187 101  56 219  24 165 248 255
255 247  86  71 120 120  56 135 135 120  26 242  55 157 255 255
255 249  56 136 255 255   0  87  87 106 255  75  56 199 249 255
255 248  24  24  46 255 109 219 219 109 255  46  24  24 248 255
255 255 146 165  24 136 120 151 112 151 174  24 165 146 255 255
255 255 124 146  24 112 217 244  90  72 112  24 146 124 255 255
255 255 255 255 248 255 251 254 254 255 255 248 255 255 255 255
255 255 255 255 255 255 255 255 255 255 255 255 255 255 255 255
255 255 255 255 255 255 255 255 255 255 255 255 255 255 255 255
255 255 255 255 248 255 251 247 247 251 253 247 255 253 255 255
255 255 124 146  24 255 120   0 154  38  56 166 255 104 253 255
255 255 146 165  24 255 151 239 151  81 141 104 104 151 252 255
255 248  24  24  46  75 146   4 219 231 236  46 255 238 255 255
255 255 112 174 255 100 161   9 224 199  56  75 255 215 255 255
255 255 255   0 122  30 127 215 215 135  56  24 184 255 255 255
255 255 255  16 199   9 154  40 221   0  56 219 112 226 255 255
255 248 194 143 219  56 140 187 187 101  56 219  24 165 248 255
255 247  86  71 120 120  56 135 135 120  26 242  55 157 255 255
255 249  56 136 255 255   0  87  87 106 255  75  56 199 249 255
255 248  24  24  46 255 109 219 219 109 255  46  24  24 248 255
255 255 146 165  24 136 120 151 112 151 174  24 165 146 255 255
255 255 124 146  24 112 217 244  90  72 112  24 146 124 255 255
255 255 255 255 248 255 251 254 254 255 255 248 255 255 255 255
255 255 255 255 255 255 255 255 255 255 255 255 255 255 255 255

255 255 255 255 255 255 255 255 255 255 255 255 255 255 255 255
255 250 219 218 185 215 217 200 244 219 210 166 159 157 215 255
255 188 131 172 178 151 193 136 123 127 117  66 102 102 159 255
255 217 153  76 155 181 150  86 132 106 146  72 112 113 159 255
255 228 138  66 121  66  66 148 203 200 139  86  79  73 181 255
255 242  88 101 119  66  48  59 103  95 198 160 164 103 255 255
255 249  88 116 176 108 149  51 148 123 157  93 122 107 219 255
255 229 156  79 193 150 195 137 185 131 138 159  63 115 252 255
255 185  46 216  93 102 194 144 142 106 124 145 181 219 169 255
255 211 129 106 144 100 125 154 121  65  26  94 131 199 239 255
255 174 171 140 150 122  45  55  34  72 174 182 170  86 219 255
255 166  67  70  86 156  95 110 142  97 185  77  72  65 174 255
255 159 102 112  82 138  96  93 136  94 134  70 105 107 159 255
255 157 102 113  75 103 178 155 151  86  80  67 107 105 159 255
255 215 159 159 177 170 213 188 159 198 219 174 159 159 219 255
255 255 255 255 255 255 255 255 255 255 255 255 255 255 255 255
255 255 255 255 255 255 255 255 255 255 255 255 255 255 255 255
255 250 219 218 185 215 217 200 244 219 210 166 159 157 215 255
255 188 131 172 178 151 193 136 123 127 117  66 102 102 159 255
255 217 153  76 155 181 150  86 132 106 146  72 112 113 159 255
255 228 138  66 121  66  66 148 203 200 139  86  79  73 181 255
255 242  88 101 119  66  48  59 103  95 198 160 164 103 255 255
255 249  88 116 176 108 149  51 148 123 157  93 122 107 219 255
255 229 156  79 193 150 195 137 185 131 138 159  63 115 252 255
255 185  46 216  93 102 194 144 142 106 124 145 181 219 169 255
255 211 129 106 144 100 125 154 121  65  26  94 131 199 239 255
255 174 171 140 150 122  45  55  34  72 174 182 170  86 219 255
255 166  67  70  86 156  95 110 142  97 185  77  72  65 174 255
255 159 102 112  82 138  96  93 136  94 134  70 105 107 159 255
255 157 102 113  75 103 178 155 151  86  80  67 107 105 159 255
255 215 159 159 177 170 213 188 159 198 219 174 159 159 219 255
255 255 255 255 255 255 255 255 255 255 255 255 255 255 255 255
255 255 255 255 255 255 255 255 255 255 255 255 255 255 255 255
255 250 219 218 185 215 217 200 244 219 210 166 159 157 215 255
255 188 131 172 178 151 193 136 123 127 117  66 102 102 159 255
255 217 153  76 155 181 150  86 132 106 146  72 112 113 159 255
255 228 138  66 121  66  66 148 203 200 139  86  79  73 181 255
255 242  88 101 119  66  48  59 103  95 198 160 164 103 255 255
255 249  88 116 176 108 149  51 148 123 157  93 122 107 219 255
255 229 156  79 193 150 195 137 185 131 138 159  63 115 252 255
255 185  46 216  93 102 194 144 142 106 124 145 181 219 169 255
255 211 129 106 144 100 125 154 121  65  26  94 131 199 239 255
255 174 171 140 150 122  45  55  34  72 174 182 170  86 219 255
255 166  67  70  86 156  95 110 142  97 185  77  72  65 174 255
255 159 102 112  82 138  96  93 136  94 134  70 105 107 159 255
255 157 102 113  75 103 178 155 151  86  80  67 107 105 159 255
255 215 159 159 177 170 213 188 159 198 219 174 159 159 219 255
255 255 255 255 255 255 255 255 255 255 255 255 255 255 255 255

255 255 255 255 255 255 255 255 255 255 255 255 255 255 255 255
255 215 158 159 175 253 217 253 172 236 217 172 159 158 215 255
255 158 103 108  70 102 102 108 221 203  80  69 108 103 158 255
255 159 108 113  75 163 118  61 178 134 173  78 113 108 159 255
255 172  69  78  89 163  93 165 145  95 182  85  74  71 172 255
255 215 115 141 135 195 162 133 122  27 172 186 137  73 217 255
255 219 131 103 204 102 130 130 106  72  74  99  94  93 195 255
255 249 123 136 200 104 141 183 139 129  34 140 134 159 155 255
255 201 137  80 153  63  50 137 150 154  55 108  93 155 188 255
255 216 196 153  64  50 150 200 191 127  44  94  95 180 209 255
255 217 149 182  68  68 106 156 100 100 121 158 141 104 172 255
255 186 181 157 119 122 181 198  94 142 148  88  78  71 172 255
255 218 176  75  62 101 122  79 214 110 137  74 113 108 159 255
255 220 134 153 141  92  93 157  48 133 171  71 108 103 158 255
255 253 193 218 234 241 252 237 188 212 172 172 159 158 215 255
255 255 255 255 255 255 255 255 255 255 255 255 255 255 255 255
255 255 255 255 255 255 255 255 255 255 255 255 255 255 255 255
255 215 158 159 175 253 217 253 172 236 217 172 159 158 215 255
255 158 103 108  70 102 102 108 221 203  80  69 108 103 158 255
255 159 108 113  75 163 118  61 178 134 173  78 113 108 159 255
255 172  69  78  89 163  93 165 145  95 182  85  74  71 172 255
255 215 115 141 135 195 162 133 122  27 172 186 137  73 217 255
255 219 131 103 204 102 130 130 106  72  74  99  94  93 195 255
255 249 123 136 200 104 141 183 139 129  34 140 134 159 155 255
255 201 137  80 153  63  50 137 150 154  55 108  93 155 188 255
255 216 196 153  64  50 150 200 191 127  44  94  95 180 209 255
255 217 149 182  68  68 106 156 100 100 121 158 141 104 172 255
255 186 181 157 119 122 181 198  94 142 148  88  78  71 172 255
255 218 176  75  62 101 122  79 214 110 137  74 113 108 159 255
255 220 134 153 141  92  93 157  48 133 171  71 108 103 158 255
255 253 193 218 234 241 252 237 188 212 172 172 159 158 215 255
255 255 255 255 255 255 255 255 255 255 255 255 255 255 255 255
255 255 255 255 255 255 255 255 255 255 255 255 255 255 255 255
255 215 158 159 175 253 217 253 172 236 217 172 159 158 215 255
255 158 103 108  70 102 102 108 221 203  80  69 108 103 158 255
255 159 108 113  75 163 118  61 178 134 173  78 113 108 159 255
255 172  69  78  89 163  93 165 145  95 182  85  74  71 172 255
255 215 115 141 135 195 162 133 122  27 172 186 137  73 217 255
255 219 131 103 204 102 130 130 106  72  74  99  94  93 195 255
255 249 123 136 200 104 141 183 139 129  34 140 134 159 155 255
255 201 137  80 153  63  50 137 150 154  55 108  93 155 188 255
255 216 196 153  64  50 150 200 191 127  44  94  95 180 209 255
255 217 149 182  68  68 106 156 100 100 121 158 141 104 172 255
255 186 181 157 119 122 181 198  94 142 148  88  78  71 172 255
255 218 176  75  62 101 122  79 214 110 137  74 113 108 159 255
255 220 134 153 141  92  93 157  48 133 171  71 108 103 158 255
255 253 193 218 234 241 252 237 188 212 172 172 159 158 215 255
255 255 255 255 255 255 255 255 255 255 255 255 255 255 255 255
